<h1>Results</h1>

The expected output of the relative error at K=10 should be

@code{.cpp}

0.00150263 0.00676184 0.0210368 0.0488355 0.0946657 0.163035 0.258452 0.385425 0.54846 0.752066
0.00676184 0.012021 0.026296 0.0540947 0.0999249 0.168295 0.263712 0.390684 0.553719 0.757325
0.0210368 0.026296 0.040571 0.0683697 0.1142 0.18257 0.277987 0.404959 0.567994 0.7716
0.0488354 0.0540947 0.0683697 0.0961683 0.141998 0.210368 0.305785 0.432757 0.595793 0.799399
0.0946656 0.0999248 0.1142 0.141998 0.187829 0.256198 0.351615 0.478588 0.641623 0.845229
0.163035 0.168295 0.182569 0.210368 0.256198 0.324568 0.419985 0.546957 0.709993 0.913599
0.258452 0.263711 0.277987 0.305785 0.351615 0.419985 0.515402 0.642374 0.80541 1.00902
0.385424 0.390684 0.404959 0.432757 0.478588 0.546957 0.642374 0.769346 0.932382 1.13599
0.54846 0.553719 0.567994 0.595793 0.641623 0.709992 0.805409 0.932382 1.09542 1.29902
0.752066 0.757325 0.7716 0.799399 0.845229 0.913599 1.00902 1.13599 1.29902 1.50263

The average relative error is 1.4283e-07
The runtime is 5.784994 ms

@endcode

<h3> Comments about programming and debugging </h3>
